11001110101010011101111000000110
00000101100110000001100001111001
11101011010100001110111100100111
10101001001101010010100000011110
11101111111110010101110011101000
01111001101110100010011110000011
10101100100110111000111110001101
01000110100110010111010001000011
00001100100010111001000100110000
00101011111101001110011100100100
10010000110110101011101101100101
11010010001001110010101010110001
01111100000111011011110010001100
00010111111101000011101100000110
01101001011010001011001001010101
00000010110001000011101011100111
00101011101110110011110000101110
11000000010010000011101111101011
11011011110100111010011000100101
00011101101111101111000011111010
01010000111110001101110011010101
01110101000001011000000011010110
11010001000110010001000010001000
00101000101000011010101111101010
11110100001010011011010000111011
11100111101010010111101001111111
01110100111000010001001110001101
11101101000010101101101000001010
11000101100101001111101000101011
00110101110010001101010100011000
11110000001110101101000101010111
00011110011010000000001101010101
00111100001101100000000110101000
01000110110110100101111100110001
00100010100000011001111011011111
01111001010000100101100000000110
11000000111011011011011000011011
01101001001100100101101100110101
00010100100001001110000101010011
10100101110011001111010001011010
00101111000110011011100110010011
10100101000011101111111111011001
11100001010101101100110110001101
00010110111100010110101010110101
11001011011100000111001010000101
00111100111101111111011101100000
01000101110001001111110000111111
01011010111100100110111010001111
11011100011010101010001000110000
11111111101001101000010001011010
01101000111111100011110010001100
00101110011110110011100110100011
01100111001010110101101101010010
00111111111010100001001000010100
10011001011000110100010011100100
10100100011011110100111101001101
10000001001000000010011111010001
01111001101111000110111110011001
11011001111011011110010011000110
01001100101000110010010110111000
01011011111100101001011010011001
01001100110110101001101010011010
01110111000011000100111110000110
11010001010001010111010111111001
11011110111110100110001100100100
01110111011111110000101001111100
01101010011101111011011010000010
01110110100001010111000100000111
00000100000001100000000011111001
01001000111100010111111111111100
01100110000010111000100000010110
11010110110110110101001000011111
00010110000011000110000000011111
00110110000011110011111001101110
00101000111001110110101100010011
01100001000101000110011101011101
00111111001111100010011110010100
01110111001000110111001000110110
01110011010111000111100100101110
10001010110001110011000011100010
00111100011010101100101111010111
11010000101111110011100110000110
00100111111101111011010000011010
11001110001110110100101100011110
10111110011100010101010110111010
11100000111010010111101000110000
11000001001000000010101111101010
10011001111001111110101100010110
11110001110011010100101111011010
00110010010101101000111111100001
10101100111100111011000001011001
01000010001100000101111100001101
10011111010001110110010010000010
11010111011001010011101011011111
11011010110000111101110001110001
00100100000111011100010111001010
11001100010011100111011110011001
01011110111100111101000001110110
00010000110011000111011110001100
10100011000000111011010111000100
10101100111000011100011110001111
01110110100000000100010010001000
01011001111011100011000001100100
01000000101100010011100110001010
00101100110101001101110001000110
01011101010011110110110001111100
01110111011001110100111010101111
11110100010000010000011111100101
01110100100000010000101011010101
11100000111000011101111111011100
10000110111111110101010000011101
11011010000010001011110101110001
00101010010010110110011011100001
10101111010100111100001111010110
01001001110010110011101001010010
10101111110001101001011000010011
10010000110111111010000010000110
10101111000111100000001011010111
10100010110101101000001001111111
01110101011111100100001000100001
11100100100101010111010100000110
00011001010101011110010000100101
01101011001001000101101110000011
00111011010100011010001110010101
00111011100011010110001101110111
01011111100011111011010001111111
11000111010000100111100010001100
01101110111011110110110111010010
11100010100011011001001100111010
10010001001101000100001010101110
00110100110010101000110110101001
01011110000110001100101010100001
01110101100001100101111011010001
11001100001000011100110101111101
00110010000000001101100011111101
00001110001001000111010011100100
11011101010001100110010001001110
01011000101111111111010001101101
10100010010111110100001101000000
00000111111110000100111101010010
00001000010110100000010011011100
00101011101100011010100001010000
11101111000001001111010010110001
00011110110111100001101101000010
10111101000001000101000111001101
10110000110111000101011001101100
11000011111100100101101011110001
00110001000100000100111100111101
00010001010001000100010011010110
10000101001011000101001000001111
01110110110110001000011010111010
01100011101111101101111100111001
11010110000001011111011000001000
01101001101011101101101011110011
00010111000101110111011111101110
10010101111100100111111100000101
01001101100000111101001000110010
01001010101001110111100100000111
10000001111010011010001111011101
11100110001010111101010110110011
11100011000111000111110111011001
00101101111000110101110100101101
11100111000001110011111100111101
11110000010010010101011100001010
11111111111110000000010110110001
10001111110101101110001101010110
10001101100011110101001011000111
01010001110101001100011000010110
11110110101110000100011000001011
01000010011010100001010111101111
01001111110010001000010010100011
00101011001000000001010110101110
11011110000010011001011001101101
00011011000001100101111100000100
01111110000111110011101000100011
11110010010000100110001000110001
11011110110111110011010001110100
11111100101110001100000000111010
01010001011110101110000111111111
01101111000110101101001001000000
10010010111000010111101001110001
10111111010111001110011010100010
11110110000101011000100010110010
11100011010011000001010001001101
10111110100001101101100110111101
00110111100011111111010000110011
10101111110010110110111110000001
00100010010101010101000011010010
11011000011010111000010011101110
10110010000010101100111010111110
10001101110000001001001101100011
01001111000010010100000101100111
00000000101001000011000011100111
01111011010011010101011100111101
11111010100001000001011111001000
01101010010111111000010001011111
00100001001011010010101011000000
10101000011101000000111010011101
00111001110001010111100110011101
10011001110000011101000000110100
11101011010010010000110111101010
01000110100010100110011011000111
10011001000100011001101110010110
11100001110001010010101111001001
10101110100110000110001000110111
10101101001000110101000000011001
00011010010000111010110111000100
10010011100110111000100011001110
01000100011100011010101011010110
11001010010010100111010011001100
00100011000100010000100010101010
01111010001010001000100100110000
00001101011111101110000100110101
11101001000110101010110110001101
10101101111100111010111101101111
10011101111110101001000000100000
01011100001011000010010111001111
00011000000001000101000100101111
00101001110011010100000100000011
01010110111000010101100000110001
11011100011010110011001011111101
10010010010100011111101110001011
01111111011111101000001100001100
00111001101001000110101010110010
11011010101100101001110111010011
01001011001110100101101111000101
00110011101110110110110101010001
10101010111100001110001010110010
11111011101110100000100110101010
11101101111011011110100011010100
00111110010110110100101010010111
10011001101110111110101011010001
10101001110111100000001110010010
11000101110011111000000000111111
11010000100011100000001010100101
10000010110010010010111000111001
10011000010001111111011001010100
11011111101000100010110000001010
01110011110110000001001100101000
00101001111101011110100110010100
11001111011101010111101100101010
11110101000010011100011101001001
11010010001101101000111110000010
10101011010000011101111101000111
11111111001111000001101000011101
00101101000111101011010001000111
10111010001001100010101101100001
01000000100110100111110110110010
01010010010011001101101011101101
11110010011011010010111110001101
10010010101001010100111100101010
10000010101101101110110001100111
10100100110100111011010010010001
01000100001100010001111011110011
00000000011001100101011101111110
01100100111011100010100010111010
00011000101100111010010100001000
10011100101010101000001001100110
11101110100101110110010110110100
11001010000101110001111100001111
00100001000010011101110111001111
11010101100111010110100001001011
10001101010010011101110111010000
11111100010110100011101001010101
11010000001011000010100000111110
01000100101110011110111110011001
10100111000011010111011011101011
10011001110110010000110000101001
11001010111100110110000100110011
01000000001111101110101100101101
11000001001001011011110110101100
01011100100001000100100110000100
10011000110101100001000010111001
11001010010010111110100000000010
00000100111001011111001000001110
10101111101111011101111110101010
10100010101011010111101001100100
00010000110011110110100001110100
10011011110101010110110001111100
00000101001010101111100110011011
10101110111010111011101100101110
11000000100010100100011100010100
01010111011001001001111110110111
10010011110101100101011100111100
10011000001110101110011101111100
11001110001110110001110000100001
01001100111000001111101001100001
01010110110000000011111100011010
11000001100000100111010000001100
11111111001011001011010000100111
10110110010101111001101111001001
01001111000011100011000011000011
00000010001111001101100010111000
10000000111000101001101011001110
01100011100001110011100101000000
11101100011101000101110100111001
01001001101000111111001000011100
00000111001010111010110101001011
01000011110011000000101111101011
01001111000111101110111100110101
11101010011000101111010101010000
10000000010110110000110010101011
01001010001100000000001010111111
00100110101011010110100100010110
11110010011101000100001111000100
01110111001010011101110100010011
11010010101010111101110101001110
11011100010000100101011110010111
00100010101100011100101000011110
10100111100010010101000000000001
01110111001111000100010010000001
11000100111000110001010010111101
01101000101110000110011011101001
10100000011101101000000010011001
10110010110110001101111000011111
00101011100111101110011011110110
10110001101010101100010101000000
10100101110100010111111101101000
01001101111010001010000111001000
10010111011111100000011000000111
01111101000011010101111011001011
00010101011001000101010111011100
11001010000001111010000100010101
10011111001010100010100011110110
01010000000100101101011000110100
00000001100001001100010111011101
00100101110001100001110001101010
01001000000000111101101011100110
10110001111111001101001101111000
01000111001101111001000110110001
01101001001011101001000111100111
11010101011011111110110100000100
01100110110010110111001110010101
10011010111111000101001001101000
11111101011010110000101100111010
10000111011100101101101001111110
11010010010010001100100101100001
01000011010100010010010001110110
00000111111110010000011100100101
10011000111011100100100101011001
10000100101110111110000010011111
11011100101011110011101001000010
00011001111010001011001101001111
10011100110011000100101101011010
01101000000001010011110010111001
10011111000110100111001010100000
11101000100111100101010010001000
11110001110000001111101100001100
10000101011111011111011010011010
01010100101110110101011000011010
01001111110001111011000011001101
00000100011111111011001000101010
10010001111111111111100001111110
00100001001011011110110001100101
01101100000111000111110011011100
00100001011011001000111110111000
11011001110001000101100001111110
10010101111011011101010001101101
00010101101001111000000011110001
00000011000010100110010001101111
01011001100101111011010111011111
00010010101010001010100001101100
00001011110101010110100001111111
10011010010101110101110110000110
11101101100111010111000010111100
00010101101001101101011111111110
01011111111011010001000100111111
10001000001111010100110100010001
01111101001010100101010010000000
01011001010000101000001001100100
00011011100100001001011010010111
00000111111010001010111100110110
01110010101010111111001101001110
01010101010010110010011100111011
11000101111111111110110100100011
01000011101000101100101100010010
11000010011100111000111000111010
11000010001001010001001001000110
01011011011000001000100110010010
00110101001001011101111001111010
11010100111111011111010010000001
00111011000001101111001001100001
10010011101100011011110111111100
01011000001001000000110001110010
00101111001101100001001001100100
11110101100100110011010011101011
00101010100000001110000011101000
11001101010011000100110110110011
11101110000000011100011100001100
01101011111110101100101100100010
00100010000101100110001100101110
10010111100010110111001110011011
01010011110111011100110110001010
11100100000000010011101110101011
11101101000101101110111111010000
11010110110111110101000101001110
00011110001011111100111100001011
11000010011111111011011100101011
10110110111101010101010110001011
01000100010000100110100001101010
01010101000010101011001100111101
11110011011110100110101000110110
11111110110011011000001000111110
00100111000100100110110111000000
10100110110001001101010100101101
00100011000000110111110111000001
00011110011101001111011100001111
10001101100100110001110110100010
11110100100010011100010000011010
10111100000001111100111000010111
10010100100000011101111010010100
10111010111110010100101110110100
11110110110000111010111000110100
01110110111101000101100001100110
11111110111101101010010011010000
10110000011010011100001001101111
00110000000101010000100100110000
00011000111111110011001001001000
10011110111101100011011000101011
00010100110101000110000000000010
00110110000101100011110101010111
00011001101001001101011100111000
00011111100001111000000111001010
11010110111000110001110011001101
00111011001100100011000111010110
01100100000110111001001011111011
11000111110000011000100101000100
10111000010100011100111111000100
01100000010110000110100111101010
11100111110011110000000100101110
01010001011010101111000010010100
10000111110111101001100001000011
11110101111000011111011111010000
11111110100000110010100000001110
10011000101101111101011011001001
00110111011001001110100010000101
00000100110100011011110000110101
00001011010010001010100110100011
00101110001011110110010010011001
11001111111110011101110011111011
11000001001010110001111101011000
01011110100010100100010111110010
11101111000101000010010110101010
10001000101100000010110101111101
01000101010111111011001111110100
00100111101111010000011010110000
10011011101111100010010101010111
01101100010110000011100010000100
01010001111011010010110011011100
10110101101101000000101000100000
00101010011001100100001011111101
01111101000001101111011010011000
01110110101100001100001001000100
10111101000011111001011010000000
10001101101100011110100100100000
10101101100001010101111011010010
10101000101111100001101101111111
00110001000110100110100011010111
00001010010101101111010010110001
10111100001100110000111100100010
10110100111100100101110010100100
10001011111111110101011011001110
01101011101010100010010111001110
11001001010111100011001001111011
11010011011111100000100100101100
10000111100110001010000110111101
00110100110000000011001110001101
10111110101010111010001110011001
01101100001101001010110010011101
01101100000100100100110100011111
00100111100001100001101100010100
11111101011000111010010101100010
01111000100011101000111110110100
00010011101110101101101000111111
10110000000111001100010110111100
10011000001011101110011001101110
00010111110010110100001101100000
01100111111001011011000001100110
11001111010101101000101001011000
11010110111001010100010011000011
10111001101000111100001110000101
00000110100100110111001000001110
01000011010001001000110011011100
00100010010111011010010000010000
11010010010011001010001011100010
01000110110010000101011100110101
01001001001111001001111001010001
00011011000101010001011110010101
00000001101101010101100000110100
01011110111110010101101000111111
01100110100101001011010001101111
10110000001010110001011100101100
11100101111000101100100111110010
01101101000000110101010111110010
10110011110010111101011100000110
10001101010111111111001110100110
01110100011010110111110110001010
10000100111100011111100110011011
10110010011100100010001110011010
01101000110110010011001100000000
10101000011110100001101011011010
11011110010000111011100001011011
10001101011101001001010010111101
01110000110101111111111101110011
00110110100100110010010001001010
01111110101100000111011111010000
10001110011101110110101011000101
00111100100011101111111011001001
01100110110000101001111110100010
10110011011011111110110000111001
01101100110010010011101000110011
11010110110111110011100101110010
10010111010000101110000011100101
01111010101011111111101110001111
00110011001100101011011101110111
00110000100101111110011000101100
11100101111001100110111010001101
00011111000010011110000101101000
00110011001011010011100111111011
10100100001111110001010110000101
00110111011000110001001100101110
01110110111010110101100101100010
10011110001111011011010010101110
10011100010101000110001001011010
00011100010001001100011011011111
10010001100110111001011110110111
10101001111000000100101001011111
01101010110001110100011010000000
11011100000001000101011000101110
01010011101001101011011010001000
01000000110000100010001011001111
10110101110110111101111100001101
11010011100000011111100111111110
11100100101001110101110100001111
11100100010001011110010110101010
10010101101011000001111110101111
11100101011010110010010000011100
10100110010000000001101101001110
10110010001100011010000001110110
01000000010101111111101100100111
11110010111100000100011010000110
01111100000011010110000101111110
01001000000010011111011100111000
01010011000001111010111000101000
11111111011000010110110001001111
11001001000001011011011001101000
00110101110000011000000110111010
10011000110011101011000111111010
11101110000100011111101011100000
10111010100010110110110100100010
01001100101000100111010010010011
11001101110011111000000000111010
01000100101001111101001111011100
00000111110000110000110010111001
10110000101000011001111110111000
11110010100000111101100000111100
01000000010000001000111000111010
11100100100001001111100111110000
01101010001110001011011100000111
01101111000011100101000111011001
10000000101001111101100000101101
00000100000101100101010000001001
01001111100011111111100000001000
01111000001101100010001111001111
01111101101111101110010011111101
10011010011100000111001011110010
00101111001111001101011010000110
01000111001111111000110100001101
11101010110000100100101100010110
10010011100110100101011001011111
11101100101110001000001110010100
10010110111011110011011001111011
01001011110100101001111000011111
01111100011010001111000110110111
01110011011110001011011010000110
10110110101100101111100111000001
11100101101100001001101011100001
10101101011111110110001100110100
01110101011010010001101010000101
11101000000111100000011100110010
11000111010011010001110000101010
00001111110100101001110100010110
01111100111100101101001110100011
00000001000111100101011111011111
00111011011001110111111101011010
01100101100111010010110101000001
10001111101101010011110010011101
00001111111000011101110101011011
01010111011000011000000100101010
00111101001000000111000100101110
10011001111000111011111001010000
00011000101111000100010000101011
00011011010111111000000100010100
01000111110000101010110101000111
10100111101001010110000100010010
00010000110010101011000001010000
00011011111111010110101101001100
01111110011101110001110010100100
01110111101010011100110011101100
00001011000111010111101101011101
01001001000110100010011101001000
10000101111010000000011100010010
11101000110010100101110101111100
11110010111010000011110110001001
11000000011111000100000011000100
00110000111000000111010000011111
11011111000001000100010111010001
10111100000010010011100010010110
01010010001111001110101100001111
01010110100110001101100000101001
00111101010011100000011101100111
01001111111010000011010100100100
11010000011011010010110101101101
10110111110000101011011011011111
01101110010110001111001101011100
01110000110101110011110001011011
01010000010111111101111101011001
10100111101000000100000110101000
01000110000001110110111100010001
00011010111001010000111111000000
00111000100001100000111111111001
01101000011111111001100101011111
00100100101010010100101110101101
01011111011000110111001000010011
11101001011010101001111000001100
01001111010111111010010000010111
01110011010001110110000100010111
00000100110111011101101100010110
01110100010101010111111100110000
10111100011000110001101001000000
10001000111011101100111010111001
00000001111110011011001001111010
01010110001101110010000010001111
10010010010000110101100101111011
01100001110101010110001110001111
10011101000001100001001110001010
10010101111101011101111100001111
11000111010111000101010010010100
01000011001100001001100100000111
00010011011111101100010111001011
00110101101111010011010110000010
11010010001011010100101101000011
00111011100001111110101001000011
11111011011100111010001001010001
01010101100110010101100111110100
00000110001101110110001001101101
00101110011010101111010000011001
11001010110010001001010100110001
11010001011101000010010111011001
10000100100110100010101111111000
10110000011110100111011111110011
01010001011001111001011110000110
10010000001111001001100010001101
10000010110100000000100101100010
01101110011000100101011111101110
01101010001001000110100010000100
00010011101010111000000001010010
11100000010111000110100110010001
00011111111010110111110001001100
10110011111001001010101001100001
00111111101100100111011010000010
11100011100111101011100011001000
11111011101111111101001011110010
10011000111110101101000101100101
10101000100101111110001110000111
11010101101011100111001111111110
11100110111011111110100111011101
11111000101010110111111011010111
10011111001001101110100011011100
11010011000101101011100110011111
00101100010101101001010101001111
00010111001101011001110001110001
10101110100011100110111100111110
00011011100000101111000100101111
00100011111101101001000111110110
10111100100001000111110010100111
00010001100000000101001011101011
10110110001110111111000010111110
00101011001110001011101001000010
11001111001011101110000111100011
10011011010110111111100010101011
10001100000101101100010001010111
10111110010111011011011100011000
01111001011111000111010000100000
01000111101110001000110010111100
10011110110100101001111001111011
10001110000001111010001001001110
10010100111110010111101010101011
01011101001010101010110001010010
01101010011110101111000111011010
10101010000101100001100101011111
10101100111111110111110111000101
01101110111110111111011001111101
11100101010101101101001100010010
10100100110000110010111001101110
00100101101101011101100001010101
10001100101100001001000100001101
10111111001001101011011110011010
01111001001011000110101110011010
10111100111010011111011001100011
10100010001010001011001111111010
10111001110101101000100010111101
11111101110010101010100100010111
11111101000110110100010000010110
01101100001111110000110000100111
01001110001011101011010011001001
01000010010111101100111000100010
11001010010011011010001000110001
11110001110010101111110011010100
01011011000101010111100110001111
11100100110010010001001110110001
00111101011000110101010010010100
10010111100100111011100010000011
10010000110010100110110001010000
01110010110101011111111001000001
10110100101001101011111001101111
00100100100110101000000011001001
11110110111010101111110110110110
10000010011110111101010110000011
01000000011101010011011101010001
00100011001001101101111100000011
11010110011110110101011010000100
01110000111011111010100011000010
11001000111101110001110000011110
00011011000010111110011110011001
00111110001110001111110111001111
11001110100111010001000000100101
01000000000101110001100100001011
01100011111011000010001001101001
11111010011000000101101000010110
00100110111001100010000001100100
11111101000011001010111100000000
11000101001111100001111110011111
11010110110001010100001011011000
11001110010101111111000100001000
00001010010111110000010111001110
01100001001110010001101110111001
10111101110110011110001100001100
00010010101001110111110101000000
00100001100101001000110000010100
01111000010010001011100001110000
01000111011011010011010111100001
00001010111011111101001001001110
01101001001001110100010100011011
01111011110100111011011100110110
11000111101101100010101100001111
00111010110000000101000010110011
00001011001110000110101110010011
11111110010111001101001001111011
01011001011110001110001100011000
00000000001111100001010001110000
00011101010001100010111111000100
00110101000010001101111110110110
11000011100010001111100101001010
11101010000111111010010101100010
11011100101111011111011101001010
10000011011100100100100010011101
10010011111100011110000101100010
00101101101011100111001000101011
01111001001010010010000110010010
00101011011011110101101000011110
10111100111010101010000010001111
00111101100010010101001010110101
01111101011000000010110010101010
00011110111100010010001001111001
10001110010011010001101001101101
10111010011010110010000001100011
01000001010111111001111111011011
10111111101011110110111101110101
00000000110111110110011101000100
10011111011000010110100000101100
10110010100001110110001001011110
01101110010010011101111101111111
11000110000101000111110101111110
11001100101011110001010101111110
11010011001100111111011001000011
01110011001010111010000010010001
11011100101000010001001110011100
00011100100100000101010101010111
00111000000000110011001101011000
00110010011001010000000101101110
11110000100101010101111011000110
11001010101000100000111100101110
01001110101010111001110000011111
00000010110001000010101101011100
00110011001111110101000101100101
01110000110010001111011001110001
00110111100101001000000100011011
10010111000110001000101100001000
11000100111111001110100101010111
00110010100100010000001010000000
01010111010110010011011000110110
11001101001101010101000010110010
10011110010110111010010111000000
01111111110010100010000011000101
10100001011010100011111111010100
10101100001110110001001010000100
00010000100101000100010100001011
00101110011111100100001010010011
11011001111101001101101000100001
10100010100111110100110100110001
10110111110000001001000000000111
01101100011111111010000011110110
10100001111101101100000011000001
11110111111011010001010001000010
11111000000101111111001000111110
10001110000011110110011010000110
00111101110001000111000000000101
00000000110011101101111111000110
11000110110011111101010100010010
01011111001010111100000100001000
10000011011101110011010011100010
11011110001000011010000111011111
01000110010001110011001110110011
00001111101100100011001010000000
11000000000000101010010001100110
00000101001000010010011011110111
00110100001111000010010101101111
11011010001000110101100010101110
00011111000001100101101110111111
10011111000010001010011100011011
10000010110000100011111110010100
00100000110110001011110000011001
11110000010101100011010111000111
01011000110010100000111011100101
00000111001011100011100101110001
01011111100100011110011011111111
01100011010100000011001010111000
01010001110100101110110110010000
01111101010100011000111110101111
10000011100010000000000101111010
10001101101011000010100001101000
10000001100100101001111011000010
10000110001110010010101101011010
11110010000110101101100000001100
11111010010011111011110011111011
11011000110100001100010011110011
10101010011010001110101110000110
11111100001011010010011011010001
11101110100100110001000001011000
00011110001010110100100010100010
01111000001111111111000001101111
00110000001111100110010110011011
00010011001101011100100101101100
00111010000111011000100100000010
11100110100101000100010110011101
01001110100001111000100111000011
01111110101011100101101111011101
01111111110111001011010010100000
00001010101110100111101001111100
10101100111110001111011100000010
11111010110000111111011111111011
10100101010000101100100011010100
10111010111001111100010001000111
01111011110101011000101110011011
01100100111110100100010110111100
11010101111011110011101101010110
10110001001011010010010000100010
01001110110101110011111110000111
10111110110000000111011011111010
11011011101011100100001101110110
10000110101100000001111100110010
11011110010101010001000111001110
10010111111111101011100001110100
00010111100100101111001110110010
10111110011010100111001100001000
10110101011001101100010101000110
01111010011001000110010011111100
01100111100001000101110001001000
10111011000000011101010101011101
00011000111001011011010011000111
10110010010100101111100111100010
01111110100010010010100111100110
00010101010000110111110110001110
01001001100001010000011111011110
01110000101001001100011100011111
01010010100001100000011101111000
01110111000011000010110001111111
11110100111010101010010001100100
10100110100110110111101111110101
10001011110111011000100001100001
11111100111101100001011000011000
01110001100010101011001001110000
00011100001101111010010001010110
00100011000010110001110001001001
11000001100010111001110000101100
00000001101000011010101111010010
11011101110101111111110011111100
01100111100110110100000111000111
10010100000110111000010100110010
00000100111101100110111100000110
01101000011110011001100000000100
10111110110100011100100011110000
00110000010101101111101001001100
01010011110011110111101000010011
00001000100011100100100111000000
11000011100110101111001110110100
11000100101010011100100000000100
00001000011010110011010001110010
00011001100110000111011000001111
10111000101110111100110001101010
00101011101001111110001110010000
10000011000100010110111011101101
00100100000111100010011001011001
00110001100100010011101110010010
00101100010000000101110011100010
01000000101001001101011110101010
00101101111010101011010100000111
10110100100000001101100111000000
11010110001001011011101000100101
01110110010010111110011100010000
11100010010100001100111011100001
10001110010010011010010000100110
01010010111001111111111100111100
01111111001010111010101101011011
11111101101110001000010010011110
11100101011010010001110011100100
11010011111011111000001010101111
00111011100101010011100001111010
10100111010010110001110100101110
01111100101001100110011111001100
11101001000001101000111101001100
10101010100101100010111101001001
00001110010110000110010001000001
01110011111001001000010101100111
10001101100101100111010101000011
11110011100111110011111010111001
00010101101000011011101101011100
00100001001010000101101101010001
11010111000001101111010010100001
00001001001000010110011000010001
11001111010000110010111001110011
00100011001110110101001000011110
00110101110100110011111001001111
10101000010000101001111001101101
00110100000011111011000111010110
11000001001010001111011101111110
11001100001000011011010101111110
00111111110011010011110111011100
01001010001111010000101011101011
11011010100100000010001110011111
11010000011000011101010110000100
11110100001110001001100011010100
10110001001001000000011001001011
00110111100000010001001001100011
11011101010010111111010111110100
01101111000101100001001001100010
10111100000101000011001000111110
01101100011110001000000011000010
11111011000010001000111011000011
00011001010011110010000010011000
00110011111100001111011011111000
10101110011001110000011111010100
00100101001011110001110000011101
11110011101010000001000010001100
11000110111001010111010100000100
11000000010101000011001111111100
10110000010110011011110101011110
11000110010010110010111110110100
01110101101010010000011010010000
01111111110010001001001100010000
01111010010111101010101001010001
11010011000111101100110001110110
01010110111011101111011011101010
01001100001000110111111000001101
10111100101111100010101001010001
01110110100101011010100000000100
11111110010000010100101110101101
11111001001110001011100111110010
00010001000101110110111011011011
01010111101111011001011001101100
00001001010100001000000010000100
11011110000010110011001001010111
00110101111011111011101110010100
00001000001100100101101100000110
01010100011010011001011000011000
00001111111001011100001011111100
00110001111100111111111110110110
01001101000001110101001111010111
11000110100100011010110110011011
00101110110011110010001010110011
11010001011011111110100110001100
10100011100111010000011000101101
11111110111001011110001000111110
11101010001010100111011000110110
00000010110000110011001110000001
11010001101100110001001110100110
11001001101111110111000001111111
00111110001101000110000100101000
10011101111101010101010111101000
10000011010010110001101000110100
10100111100101010100100001001111
11011111100010100011110000001111
00001100000001001111011001001110
00001010011111100110001001110011
11111111011100011010001101100100
01101000111111101010101001110100
11110111010001001011011010011001
01111110000100001111001100101110
00111110010001111100111110101111
